000000100
000000001
100101001
000000100
000000000
100101001
000000100
000000001
100101001
000000100
000000000
100101001
000000100
000000001
100101001
000000100
000000000
100101001
000000100
000000001
100101001
000000100
000111100
010100001
000000100
000000001
100101001
000000100
000000000
100101001
000000100
000000001
100101001
000000100
000000000
100101001
000000100
000000000
100101001
000000100
000000001
100101001
000000100
000000000
100101001
000000100
001000000
010100001
000000100
000000001
100101001
000000100
000000000
100101001
000000100
000000001
100101001
000000100
000000000
100101001
000000100
000000001
100101001
000000100
000000000
100101001
000000100
000000001
100101001
000000100
001000100
010100001
000000100
000000001
100101001
000000100
000000001
100101001
000000100
000000001
100101001
000000100
000000001
100101001
000000100
000000000
100101001
000000100
000000000
100101001
000000100
000000001
100101001
000000100
001001000
010100001
000000100
000000001
100101001
000000100
000000000
100101001
000000100
000000001
100101001
000000100
000000000
100101001
000000100
000000001
100101001
000000100
000000000
100101001
000000100
000000001
100101001
000000100
000000000
100101001
000000100
000000001
100101001
000000100
000000000
100101001
000000100
000000001
100101001
000000100
001001000
011110001
100101011
000000100
001000100
011110001
100101011
000000100
001000000
011110001
100101011
000000100
000111100
011110001
100101011
000000100
001001100
010100001
000000100
000000101
000001000
000000101
000010110
000001000
000111100
011110001
000101011
000001000
000011111
010010010
000000100
000000101
000001000
001000000
011110010
000010111
000001100
000000001
000010111
000001000
001000100
011110010
000010111
000001000
001001000
011110010
000010111
000001000
001001100
011110010
000010111
000001000
000011111
010010010
