000001100
000111100
000000100
010110100
001110100  
011010011
000001000
000000100
000111110
011100011
001111100 
001111100  
010010011
000000100
000000100
000111101
010100011
000000100
000000100
000111101
001111100   
000001100
000100000
110110111
000000100
000000111
111111101
000000100
001010001
010110001
000001100
000100100
110010111
000001100
000000010
110111011
000000100
000000011
111111101
000000100
001010010
010110001
000001100
000000100
110111011
000000100
000000101
111111101
000000100
001010011
010110001
000001100
000010000
110111011
000000100
000000110
111111101
000000100
001010100
010110001
000001100
000100000
110111011
000000100
000000111
111111101
000000100
001010101
010110001
000001100
000010111
110101011
001111100 
000001100
000111101
110110111
000001100
000000111
110111011
100010111
000001100
001000010
010010011
000001100
000110000
110110111
000001100
000001011
110111011
100010111
000001100
001000011
010010011
000001100
000101010
110110111
000001100
000001010
110111011
100010111
000001100
001000100
010010011
101110110
000000100
001000000
100111101
000000100
001000101
010110001
000000100
000000000
000001100
001000110
010010011
001111100 
001111100 
000001100
000111101
011010011
000001100
000111110
011100011
000001100
000111111
011110011
000000100
001000111
010100001
000000100
001001000
010100001
000000100
001001001
010110001
000001100
001000000
011010011
000001100
001001010
010010011
000001100
001000001
011010011
000001100
001001011
010010011
000001100
000000000
000000100
001000110
011010001
000001000
001000111
011100010
001011000   
000111111
000000100
000000001
000111101
000000100
001000010
011010001
000001000
001001000
011100010
001011000  
000111111
000000100
000000001
000111101
000000100
001000011
011010001
000001000
001001001
011100010
001011000  
000111111
000000100
000000001
000111101
000000100
001000100
011010001
000001000
001001010
011100010
001011000  
000111111
000000100
000000001
000111101
000000100
001000101
011010001
000001000
001001011
011100010
001011000   
000111111
000000100
000000001
000111101
000000100
000000001
001110100   
001110100   
000000100
000000010
001111100   
000000100
000000001
000010101
000010101
000010101
000010101
000010101
000010101
101010110