000000100
000000001
000001000
000111101
010010010
000001000
000111100
011010010
000001000
000010000
001011000
000001100
000100000
011110011
000001000
000111101
011010010
000001000
000111110
010010010
000001000
000111100
011010010
011010001
111010111
001011100   
000001000
000111100
011010010
011010001
000001000
011111000
110010110
111010111
001011100 
000001000
000111100
011010010
011010001
000001000
001111100
110010110
111010110
001011100  
000001000
000111100
011010010
011010001
000001000
000111110
110010110
001011100   
001010100   
000001000
000111111
011010010
000001000
000111101
011100010
000010110
000001000
000111111
010010010
000001000
000111110
011100010
000001100
000000000
001101100   
000001000
001000000
011100010
000001100
000111101
011010011
000101001
000001100
001000000
010100011
000001100
000111110
000001000
000000000
010100011
000001100
000100000
011110011
001111100   
000001000
000111111
011010010
000001000
000111101
011100010
000010110
000001000
000111111
010010010
000001000
000111110
011100010
000001100
000000000
001101100   
000001000
001000000
011100010
000001100
000111101
011010011
000101001
000001100
001000000
010100011
000001100
000111110
000001000
000000000
010100011
000001100
000100000
011110011
001111100   
000001000
000111111
011010010
000001000
000111101
011100010
000010110
000001000
000111111
010010010
000001000
000111110
011100010
000001100
000000000
001101100   
000001000
001000000
011100010
000001100
000111101
011010011
000101001
000001100
001000000
010100011
000001100
000111110
000001000
000000000
010100011
000001100
000100000
011110011
001111100   
000001000
000111111
011010010
000001000
000111101
011100010
000010110
000001000
000111111
010010010
000001000
000111110
011100010
000001100
000000000
001101100   
000001000
001000000
011100010
000001100
000111101
011010011
000101001
000001100
001000000
010100011
000001100
000111110
000001000
000000000
010100011
000001100
000100000
011110011
001111100   
001111100   
001111100  
001111100  
001111100 
000001000
000111100
011010010
000001000
000111101
011100010
000010110
011100001
011110001
000000100
000011110
110101001
000101010
000000100
010000000
110111101
111111111
111111111
111111101
101101011
000001100
000100000
011110011
001101100   
000001000
000111100
011010010
000001000
000111101
011100010
000010110
011100001
011110001
000000100
000001110
110101001
000000100
011000000
110111101
111111111
111111111
101101011
000001100
000100000
011110011
001101100 
000001000
000111100
011010010
000001000
000111101
011100010
000010110
011100001
011110001
000000100
000000110
110101001
000101010
000101010
000101010
000000100
011100000
110111101
111111111
111111110
101101011
000001100
000100000
011110011
001101100  
000001000
000111100
011010010
000001000
000111101
011100010
000010110
011100001
011110001
000000100
000000010
110101001
000101010
000101010
000101010
000101010
000000100
011110000
110111101
111111111
111111101
101101011
000001100
000100000
011110011
001101100   
000001100
000111100
011010011
000001100
000111101
011100011
000010110
000001100
000111100
010010011
000001100
000100000
011110011
001111100  
000001100
000111111
011010011
000001100
000111101
011100011
000010110
000001100
000111111
010010011
000001100
000111110
011100011
000001100
000000000
001101100   
000001100
001000000
011100011
000001100
000111101
011010011
000101001
000001100
001000000
010100011
000001100
000111110
000001000
000000000
010100011
001111100   
000001100
000111111
011010011
000001100
000111101
011100011
000010110
000001100
000111111
010010011
000001100
000111110
011100011
000000100
000000000
001100100   
000001100
001000000
011100011
000001100
000111101
011010011
000101001
000001100
001000000
010100011
000001100
000111110
000001000
000000000
010100011
001111100  
000001100
000111111
011010011
000001100
000111101
011100011
000010110
000001100
000111111
010010011
000001100
000111110
011100011
000000100
000000000
001100100   
000001100
001000000
011100011
000001100
000111101
011010011
000101001
000001100
001000000
010100011
000001100
000111110
000001000
000000000
010100011
001111100   
000001100
000111111
011010011
000001100
000111111
011100011
000010110
000001100
000111111
010010011
000001100
000111111
011100011
000000100
000000000
001100100   
000001100
000111111
011100011
000001100
000111111
011010011
000101001
000001100
000111111
010100011
000001100
000111100
011010011
000001100
000111101
011100011
000010110
000001100
000111100
010010011
001111100   
001111100   
001111100  
001111100   
000001100
000111100
011010011
000001100
000111101
011100011
000010110
000001100
000111100
010010011
001111100   
